Example of a 50X50 output of the automaton: 
00000000000000000000000000000000000000000000000000
01010001000000010000000000000001000000000000000000
00110011000000110000000000000011000000000000000000
01110111000001110000000000000111000000000000000000
00001111000011110000000000001111000000000000000000
00011111000111110000000000011111000000000000000000
00111111001111110000000000111111000000000000000000
01111111011111110000000001111111000000000000000000
00000000111111110000000011111111000000000000000000
00000001111111110000000111111111000000000000000000
00000011111111110000001111111111000000000000000000
00000111111111110000011111111111000000000000000000
00001111111111110000111111111111000000000000000000
00011111111111110001111111111111000000000000000000
00111111111111110011111111111111000000000000000000
01111111111111110111111111111111000000000000000001
00000000000000001111111111111111000000000000000011
00000000000000011111111111111111000000000000000111
00000000000000111111111111111111000000000000001111
00000000000001111111111111111111000000000000011111
00000000000011111111111111111111000000000000111111
00000000000111111111111111111111000000000001111111
00000000001111111111111111111111000000000011111111
00000000011111111111111111111111000000000111111111
00000000111111111111111111111111000000001111111111
00000001111111111111111111111111000000011111111111
00000011111111111111111111111111000000111111111111
00000111111111111111111111111111000001111111111111
00001111111111111111111111111111000011111111111111
00011111111111111111111111111111000111111111111111
00111111111111111111111111111111001111111111111111
01111111111111111111111111111111011111111111111111
00000000000000000000000000000000111111111111111111
00000000000000000000000000000001111111111111111111
00000000000000000000000000000011111111111111111111
00000000000000000000000000000111111111111111111111
00000000000000000000000000001111111111111111111111
00000000000000000000000000011111111111111111111111
00000000000000000000000000111111111111111111111111
00000000000000000000000001111111111111111111111111
00000000000000000000000011111111111111111111111111
00000000000000000000000111111111111111111111111111
00000000000000000000001111111111111111111111111111
00000000000000000000011111111111111111111111111111
00000000000000000000111111111111111111111111111111
00000000000000000001111111111111111111111111111111
00000000000000000011111111111111111111111111111111
00000000000000000111111111111111111111111111111111
00000000000000001111111111111111111111111111111111
00000000000000011111111111111111111111111111111111
